In    Out   Finish Time    Start Time
1979  1027  1457514733     1457485514    
5273  3738  1457587235     1457515904    
 224   171  1457593130     1457589121    
8786  6483  1457597163     1457483863    
 122    92  1457601820     1457598979    
8112  5904  1457705587     1457602804    
  60    49  1457708071     1457706444    
5764  4065  1457781554     1457708926    
3008  2282  1457821850     1457782277    
 240   183  1457827651     1457823771    
6566  4537  1457542656     1457455236    
 780   354  1457558835     1457546523    
3240  1996  1457604892     1457561061    
 793   327  1457618180     1457607004    
6557  4900  1457705205     1457619096    
 820   386  1457719961     1457707573    
1159   850  1457739000     1457722069    
2593  1833  1457775628     1457740757    
2883  1831  1457815526     1457777252    
3354  2386  1457499058     1457453414    
  63    44  1457502236     1457500558    
7018  5165  1457593266     1457504086    
6132  4863  1457671089     1457595100    
3296  2610  1457716721     1457674348    
  63    54  1457719399     1457717489    
2233  1592  1457749592     1457720410    
2743  1996  1457787759     1457751608    
3029  2162  1457828409     1457789389    